[GAME]
quest = 3
state = 1
secstate = 7

[PLAYABLE_AGENTS]
pc_boy = 52;0;32.000000;-6.000000;0
pc_girl = 100;0;30.000000;-6.000000;0
pc_warrior = 100;0;31.000000;-6.000000;1
pc_wizard = 65;100;31.000000;-5.000000;0

[BEES]
npc_bee_01 = -38.071145;-35.071145;4;1
npc_bee_02 = -43.753600;-34.000000;4;1
npc_bee_03 = -38.661286;-29.338714;4;1
npc_bee_04 = 42.000000;19.538400;6;2
npc_bee_05 = 47.873418;30.873418;6;2
npc_bee_06 = 47.239153;28.239153;6;2
npc_bee_07 = 35.000000;21.496000;6;2

