[GAME]
quest = 2
state = 1
secstate = 4

[PLAYABLE_AGENTS]
pc_boy = 52;0;-37.000000;-31.000000;0
pc_girl = 100;0;-38.000000;-30.000000;0
pc_warrior = 100;0;-37.000000;-30.000000;1

[BEES]
npc_bee_01 = -33.000000;-32.374400;4;1
npc_bee_02 = -47.522400;-29.000000;4;1
npc_bee_03 = -35.000000;-30.744000;4;1
npc_bee_04 = 34.480267;17.480267;4;0
npc_bee_05 = 42.025890;21.025890;4;0
npc_bee_06 = 47.357513;28.357513;4;0
npc_bee_07 = 37.295200;18.000000;4;0

