[GAME]
quest = 1
state = 1
secstate = None

[PLAYABLE_AGENTS]
pc_boy = 80;0;-34.000000;-30.000000;0
pc_girl = 100;0;4.227200;7.000000;0

[BEES]
npc_bee_01 = -15.015142;-11.984858;4;0
npc_bee_02 = -17.691833;-13.691833;4;0
npc_bee_03 = -18.000000;-10.392000;4;0
npc_bee_04 = 41.273226;19.273226;4;0
npc_bee_05 = 45.812800;23.000000;4;0
npc_bee_06 = 43.691833;26.691833;4;0
npc_bee_07 = 37.308167;18.308167;4;0

